010010010000000000000000000000000000000000000000000000000000
000010010000011000100000100000000000000000000000000000000000
000011101100000000010000110110000000000011000000000000000000
000011000100000000010000110110000000000011000000000000000001
011010100000000000000000000000000000000000000000000000000000
000010010000011000100000100000100000000000000000000000000000
000111000100000000010000110110000010000000000000000000000000
000111010100000000010000110110000010000000000000000000000001
000100100100000000000000000000000100000011000000000010000000
000010010000011000100000100001000000000000000000000000000000
000000000000000000000000000000000000000100000000000000000000
000000000000000000000000000000000000000100000000000000000000
000010010000000100000100110000000000000000000000000000000000
000010010000011000001000100000000000000000000000000000000000
000010010000010000010000001010000010000000000000000000000000
000011100100000000010000000000000000000011000000000000000000
001010000000000000000000000000011100000000000000000000000000
001010001000000000000000000000011000000000000000000000000000
000100001100000110000000000000000001000011000000000000000000
000100001100000110000000000000000001000011000000000000000000
000010010000010110000101110000000000000000000000000000000000
000010010000010110000101001100000010000000000000000000000000
000010010000000100000100001000000010000000000000000000000000
000010000010000000100000000001100100000000000000000000000000
000010001010000000100000000001100000000000000000000000000000
001011001010000000000000000000010100000000000000000000000000
000000000000000000000000000000000000000000000000000000000000
000010010000011001000000000000000100000000000000000000000000
001011100010010010000001000000010100000000000000000000000000
001011101010000000000000000000010000000000000000000000000000
000010010000000101000010000000000100000000000000000000000000
000010010000011001000000000000000000000000000000000000000000
100000000000100000000000000000000000000000000000000000000000
001100001010000000000000000000010100000000000000000000000000
000000000000000000000000000000000000000000000000000000000000
000100000001000001000000000000000100000000000000000000000000
001100100010000000000000000000010100000000000000000000000000
001100101010000000000000000000010100000000000000000000000000
000101000000000101000010000000000100000000000000000000000000
000101001000000001000000000000000000000000000000010101000000
000100101100000000000000000000000100000011000000010110000000
000010010000000000000000000000000000000000000001100000100000
000101011000000000000000000000000000000000100000000000000000
000101100100000000000000000000000000000000001000000000000000
001101100010000000000000000000010100000000000000000000000000
001101101000000000000000000000011100000000000000000000000000
000110001000000000000000000000000000010000000000000000000000
000000000100000000000000000000000000000000010100000000000000
000101101010000000000000000000000000000000000010000000000000
000110000000000000000000000000000000001000000000000000000000
000110011000000000000000000000000000000000000001000000011100
000110100100000000000000000000000100000011000000011010000001
000110101010000000000000000000000100000000000000100000000000
001110101000000000000000000000011100000000000000000000000000
000111001010000010000000000000000100000000000000000000000000
000111110100000000000000000000000000000000000000011010000000
000011001000000000000000000000000000100011000000000000000000
001111001000000000000000000000011100000000000000000000000000
000010111000000000000000000000000000100011000000000000000000
000111101100000000000000000000000100000011000000000000000010
000000000000000000000000000000000000000000000000000000000000
001111101010000000000000000000010100000000000000000000000000
000110110000000100000110000000011000000011000000000000000001
000010010000000101000010000000000100000000000000000000000000